27101361530
27768796644
27344797490
27529085690
27774422306
27413200754
27231732700
27127960471
27859502348
27472938387
27672736711
27471083363
27363396090
27692312918
27687415175
27631133238
27178405920
27377217332
27772713567
27460813502
27583512840
27989199800
27861728867
27837808962
27296437289
27688525072
27213286175
27285923186
27685404315
27231319742
27732841491
27514916373
27117542374
27789619725
27471821831
27823879222
27572816815
27602981649
27147078134
27253919171
27428200189
27321312851
27423868825
27263424774
27843361528
27412374422
27943557459
27316087721
27961841730
27151852440
27100914524
27961895356
27979956502
27167574834
27714720601
27473728258
27499943189
27162735371
27735392874
27670006111
27725181685
27651660180
27968974443
27773339265
27514886798
27351942741
27793939824
27308589679
27142079456
27591596205
27179404822
27330823812
27985293198
27855141875
27146243335
27708694340
27359994128
27808005137
27720721658
27359423061
27978217673
27839719169
27661286429
27161587634
27332716908
27422204087
27108455504
27588693742
27480935359
27890137472
27220498957
27115700447
27200017023
27318558100
27523270966
27955303959
27980422174
27192502745
27569565684
27352986474